{
  "min_FDR": 8.25e-145,
  "max_FDR": 0.009999129,
  "FDR_difference": 0.009999129
}

